(kicad_pcb (version 20171130) (host pcbnew "(5.1.5)-3")

  (general
    (thickness 1.6)
    (drawings 5)
    (tracks 441)
    (zones 0)
    (modules 94)
    (nets 113)
  )

  (page A4)
  (layers
    (0 F.Cu signal)
    (31 B.Cu signal)
    (32 B.Adhes user)
    (33 F.Adhes user)
    (34 B.Paste user)
    (35 F.Paste user)
    (36 B.SilkS user)
    (37 F.SilkS user)
    (38 B.Mask user)
    (39 F.Mask user)
    (40 Dwgs.User user)
    (41 Cmts.User user)
    (42 Eco1.User user)
    (43 Eco2.User user)
    (44 Edge.Cuts user)
    (45 Margin user)
    (46 B.CrtYd user)
    (47 F.CrtYd user)
    (48 B.Fab user)
    (49 F.Fab user hide)
  )

  (setup
    (last_trace_width 0.508)
    (user_trace_width 0.508)
    (user_trace_width 1.2)
    (trace_clearance 0.2)
    (zone_clearance 0.508)
    (zone_45_only yes)
    (trace_min 0.2)
    (via_size 0.8)
    (via_drill 0.4)
    (via_min_size 0.4)
    (via_min_drill 0.3)
    (uvia_size 0.3)
    (uvia_drill 0.1)
    (uvias_allowed no)
    (uvia_min_size 0.2)
    (uvia_min_drill 0.1)
    (edge_width 0.05)
    (segment_width 0.2)
    (pcb_text_width 0.3)
    (pcb_text_size 1.5 1.5)
    (mod_edge_width 0.12)
    (mod_text_size 1 1)
    (mod_text_width 0.15)
    (pad_size 1.524 1.524)
    (pad_drill 0.762)
    (pad_to_mask_clearance 0.051)
    (solder_mask_min_width 0.25)
    (aux_axis_origin 0 0)
    (visible_elements 7FFFFFFF)
    (pcbplotparams
      (layerselection 0x010fc_ffffffff)
      (usegerberextensions false)
      (usegerberattributes false)
      (usegerberadvancedattributes false)
      (creategerberjobfile false)
      (excludeedgelayer true)
      (linewidth 0.100000)
      (plotframeref false)
      (viasonmask false)
      (mode 1)
      (useauxorigin false)
      (hpglpennumber 1)
      (hpglpenspeed 20)
      (hpglpendiameter 15.000000)
      (psnegative false)
      (psa4output false)
      (plotreference true)
      (plotvalue true)
      (plotinvisibletext false)
      (padsonsilk false)
      (subtractmaskfromsilk false)
      (outputformat 1)
      (mirror false)
      (drillshape 1)
      (scaleselection 1)
      (outputdirectory ""))
  )

  (net 0 "")
  (net 1 +12V)
  (net 2 GND)
  (net 3 "Net-(C2-Pad1)")
  (net 4 "Net-(C2-Pad2)")
  (net 5 -12V)
  (net 6 "Net-(C9-Pad2)")
  (net 7 "Net-(C9-Pad1)")
  (net 8 +3V3)
  (net 9 "Net-(C12-Pad1)")
  (net 10 "/Analog Section and Low Voltage Outputs/CP_to_relay")
  (net 11 "/ATmega4808 and Peripherals/EN")
  (net 12 "/ATmega4808 and Peripherals/CT0")
  (net 13 "/ATmega4808 and Peripherals/CT1")
  (net 14 "/ATmega4808 and Peripherals/CT2")
  (net 15 "Net-(C26-Pad2)")
  (net 16 "/ATmega4808 and Peripherals/Lock_R")
  (net 17 "/ATmega4808 and Peripherals/Lock_W")
  (net 18 "/ATmega4808 and Peripherals/Lock_State")
  (net 19 "/ATmega4808 and Peripherals/PP")
  (net 20 "/ATmega4808 and Peripherals/Button")
  (net 21 "/Analog Section and Low Voltage Outputs/12V_Fused")
  (net 22 "Net-(F2-Pad1)")
  (net 23 "/Mains and Power Circuitry/L")
  (net 24 "Net-(J1-Pad9)")
  (net 25 "/Mains and Power Circuitry/N")
  (net 26 "Net-(J1-Pad6)")
  (net 27 "/Mains and Power Circuitry/C_L3")
  (net 28 "/Mains and Power Circuitry/C_L2")
  (net 29 "/Mains and Power Circuitry/C_L1")
  (net 30 "Net-(J1-Pad2)")
  (net 31 "/Analog Section and Low Voltage Outputs/BIAS")
  (net 32 "/Analog Section and Low Voltage Outputs/CT2_L")
  (net 33 "/Analog Section and Low Voltage Outputs/CT1_L")
  (net 34 "/Analog Section and Low Voltage Outputs/CT0_L")
  (net 35 "/Analog Section and Low Voltage Outputs/PP_con")
  (net 36 "/Analog Section and Low Voltage Outputs/CP_con")
  (net 37 "/ATmega4808 and Peripherals/Lock_B")
  (net 38 "Net-(J2-Pad7)")
  (net 39 "Net-(J2-Pad6)")
  (net 40 "/ATmega4808 and Peripherals/LED")
  (net 41 "/ATmega4808 and Peripherals/RS485_B")
  (net 42 "/ATmega4808 and Peripherals/RS485_A")
  (net 43 "/ATmega4808 and Peripherals/ATmega_RX2")
  (net 44 "/ATmega4808 and Peripherals/ATmega_TX2")
  (net 45 "/ATmega4808 and Peripherals/ESP_IO12")
  (net 46 "/ATmega4808 and Peripherals/ESP_TX2")
  (net 47 "/ATmega4808 and Peripherals/ESP_RX2")
  (net 48 "/ATmega4808 and Peripherals/ATmega_RESET")
  (net 49 "/ATmega4808 and Peripherals/ATmega_RX0")
  (net 50 "/ATmega4808 and Peripherals/ATmega_TX0")
  (net 51 "/ATmega4808 and Peripherals/ATmega_UDPI")
  (net 52 "/ATmega4808 and Peripherals/ESP_RX0")
  (net 53 "/ATmega4808 and Peripherals/ESP_TX0")
  (net 54 "/ATmega4808 and Peripherals/IO0")
  (net 55 "Net-(Q1-Pad1)")
  (net 56 "Net-(R3-Pad1)")
  (net 57 "/ATmega4808 and Peripherals/SSR_L1")
  (net 58 "Net-(R8-Pad1)")
  (net 59 "Net-(R9-Pad1)")
  (net 60 "/ATmega4808 and Peripherals/SSR_L2")
  (net 61 "/ATmega4808 and Peripherals/SSR_L3")
  (net 62 "Net-(R10-Pad1)")
  (net 63 "Net-(R13-Pad1)")
  (net 64 "/ATmega4808 and Peripherals/CP")
  (net 65 "Net-(R14-Pad1)")
  (net 66 "Net-(R17-Pad1)")
  (net 67 "/ATmega4808 and Peripherals/Signal_Relay")
  (net 68 "Net-(R18-Pad2)")
  (net 69 "Net-(R20-Pad1)")
  (net 70 "/ATmega4808 and Peripherals/PWM_Out")
  (net 71 "/Analog Section and Low Voltage Outputs/PP_to_relay")
  (net 72 "Net-(R23-Pad1)")
  (net 73 "Net-(R35-Pad1)")
  (net 74 "Net-(U1-Pad5)")
  (net 75 "Net-(U2-Pad5)")
  (net 76 "Net-(U3-Pad5)")
  (net 77 "Net-(U5-Pad6)")
  (net 78 "Net-(U5-Pad7)")
  (net 79 "/ATmega4808 and Peripherals/RS485_TX")
  (net 80 "/ATmega4808 and Peripherals/RS485_XDIR")
  (net 81 "/ATmega4808 and Peripherals/RS485_RX")
  (net 82 "Net-(U8-Pad8)")
  (net 83 "/ATmega4808 and Peripherals/Lock_Drive_B")
  (net 84 "/ATmega4808 and Peripherals/Lock_Drive_A")
  (net 85 "Net-(U8-Pad1)")
  (net 86 "Net-(U9-Pad4)")
  (net 87 "Net-(U9-Pad5)")
  (net 88 "Net-(U9-Pad6)")
  (net 89 "Net-(U9-Pad7)")
  (net 90 "Net-(U9-Pad8)")
  (net 91 "Net-(U9-Pad9)")
  (net 92 "Net-(U9-Pad10)")
  (net 93 "Net-(U9-Pad11)")
  (net 94 "Net-(U9-Pad12)")
  (net 95 "Net-(U9-Pad13)")
  (net 96 "Net-(U9-Pad16)")
  (net 97 "Net-(U9-Pad17)")
  (net 98 "Net-(U9-Pad18)")
  (net 99 "Net-(U9-Pad19)")
  (net 100 "Net-(U9-Pad20)")
  (net 101 "Net-(U9-Pad21)")
  (net 102 "Net-(U9-Pad22)")
  (net 103 "Net-(U9-Pad23)")
  (net 104 "Net-(U9-Pad24)")
  (net 105 "Net-(U9-Pad26)")
  (net 106 "Net-(U9-Pad29)")
  (net 107 "Net-(U9-Pad30)")
  (net 108 "Net-(U9-Pad31)")
  (net 109 "Net-(U9-Pad32)")
  (net 110 "Net-(U9-Pad33)")
  (net 111 "Net-(U9-Pad36)")
  (net 112 "Net-(U9-Pad37)")

  (net_class Default "This is the default net class."
    (clearance 0.2)
    (trace_width 0.25)
    (via_dia 0.8)
    (via_drill 0.4)
    (uvia_dia 0.3)
    (uvia_drill 0.1)
    (add_net +12V)
    (add_net +3V3)
    (add_net -12V)
    (add_net "/ATmega4808 and Peripherals/ATmega_RESET")
    (add_net "/ATmega4808 and Peripherals/ATmega_RX0")
    (add_net "/ATmega4808 and Peripherals/ATmega_RX2")
    (add_net "/ATmega4808 and Peripherals/ATmega_TX0")
    (add_net "/ATmega4808 and Peripherals/ATmega_TX2")
    (add_net "/ATmega4808 and Peripherals/ATmega_UDPI")
    (add_net "/ATmega4808 and Peripherals/Button")
    (add_net "/ATmega4808 and Peripherals/CP")
    (add_net "/ATmega4808 and Peripherals/CT0")
    (add_net "/ATmega4808 and Peripherals/CT1")
    (add_net "/ATmega4808 and Peripherals/CT2")
    (add_net "/ATmega4808 and Peripherals/EN")
    (add_net "/ATmega4808 and Peripherals/ESP_IO12")
    (add_net "/ATmega4808 and Peripherals/ESP_RX0")
    (add_net "/ATmega4808 and Peripherals/ESP_RX2")
    (add_net "/ATmega4808 and Peripherals/ESP_TX0")
    (add_net "/ATmega4808 and Peripherals/ESP_TX2")
    (add_net "/ATmega4808 and Peripherals/IO0")
    (add_net "/ATmega4808 and Peripherals/LED")
    (add_net "/ATmega4808 and Peripherals/Lock_B")
    (add_net "/ATmega4808 and Peripherals/Lock_Drive_A")
    (add_net "/ATmega4808 and Peripherals/Lock_Drive_B")
    (add_net "/ATmega4808 and Peripherals/Lock_R")
    (add_net "/ATmega4808 and Peripherals/Lock_State")
    (add_net "/ATmega4808 and Peripherals/Lock_W")
    (add_net "/ATmega4808 and Peripherals/PP")
    (add_net "/ATmega4808 and Peripherals/PWM_Out")
    (add_net "/ATmega4808 and Peripherals/RS485_A")
    (add_net "/ATmega4808 and Peripherals/RS485_B")
    (add_net "/ATmega4808 and Peripherals/RS485_RX")
    (add_net "/ATmega4808 and Peripherals/RS485_TX")
    (add_net "/ATmega4808 and Peripherals/RS485_XDIR")
    (add_net "/ATmega4808 and Peripherals/SSR_L1")
    (add_net "/ATmega4808 and Peripherals/SSR_L2")
    (add_net "/ATmega4808 and Peripherals/SSR_L3")
    (add_net "/ATmega4808 and Peripherals/Signal_Relay")
    (add_net "/Analog Section and Low Voltage Outputs/12V_Fused")
    (add_net "/Analog Section and Low Voltage Outputs/BIAS")
    (add_net "/Analog Section and Low Voltage Outputs/CP_con")
    (add_net "/Analog Section and Low Voltage Outputs/CP_to_relay")
    (add_net "/Analog Section and Low Voltage Outputs/CT0_L")
    (add_net "/Analog Section and Low Voltage Outputs/CT1_L")
    (add_net "/Analog Section and Low Voltage Outputs/CT2_L")
    (add_net "/Analog Section and Low Voltage Outputs/PP_con")
    (add_net "/Analog Section and Low Voltage Outputs/PP_to_relay")
    (add_net "/Mains and Power Circuitry/C_L1")
    (add_net "/Mains and Power Circuitry/C_L2")
    (add_net "/Mains and Power Circuitry/C_L3")
    (add_net "/Mains and Power Circuitry/L")
    (add_net "/Mains and Power Circuitry/N")
    (add_net GND)
    (add_net "Net-(C12-Pad1)")
    (add_net "Net-(C2-Pad1)")
    (add_net "Net-(C2-Pad2)")
    (add_net "Net-(C26-Pad2)")
    (add_net "Net-(C9-Pad1)")
    (add_net "Net-(C9-Pad2)")
    (add_net "Net-(F2-Pad1)")
    (add_net "Net-(J1-Pad2)")
    (add_net "Net-(J1-Pad6)")
    (add_net "Net-(J1-Pad9)")
    (add_net "Net-(J2-Pad6)")
    (add_net "Net-(J2-Pad7)")
    (add_net "Net-(Q1-Pad1)")
    (add_net "Net-(R10-Pad1)")
    (add_net "Net-(R13-Pad1)")
    (add_net "Net-(R14-Pad1)")
    (add_net "Net-(R17-Pad1)")
    (add_net "Net-(R18-Pad2)")
    (add_net "Net-(R20-Pad1)")
    (add_net "Net-(R23-Pad1)")
    (add_net "Net-(R3-Pad1)")
    (add_net "Net-(R35-Pad1)")
    (add_net "Net-(R8-Pad1)")
    (add_net "Net-(R9-Pad1)")
    (add_net "Net-(U1-Pad5)")
    (add_net "Net-(U2-Pad5)")
    (add_net "Net-(U3-Pad5)")
    (add_net "Net-(U5-Pad6)")
    (add_net "Net-(U5-Pad7)")
    (add_net "Net-(U8-Pad1)")
    (add_net "Net-(U8-Pad8)")
    (add_net "Net-(U9-Pad10)")
    (add_net "Net-(U9-Pad11)")
    (add_net "Net-(U9-Pad12)")
    (add_net "Net-(U9-Pad13)")
    (add_net "Net-(U9-Pad16)")
    (add_net "Net-(U9-Pad17)")
    (add_net "Net-(U9-Pad18)")
    (add_net "Net-(U9-Pad19)")
    (add_net "Net-(U9-Pad20)")
    (add_net "Net-(U9-Pad21)")
    (add_net "Net-(U9-Pad22)")
    (add_net "Net-(U9-Pad23)")
    (add_net "Net-(U9-Pad24)")
    (add_net "Net-(U9-Pad26)")
    (add_net "Net-(U9-Pad29)")
    (add_net "Net-(U9-Pad30)")
    (add_net "Net-(U9-Pad31)")
    (add_net "Net-(U9-Pad32)")
    (add_net "Net-(U9-Pad33)")
    (add_net "Net-(U9-Pad36)")
    (add_net "Net-(U9-Pad37)")
    (add_net "Net-(U9-Pad4)")
    (add_net "Net-(U9-Pad5)")
    (add_net "Net-(U9-Pad6)")
    (add_net "Net-(U9-Pad7)")
    (add_net "Net-(U9-Pad8)")
    (add_net "Net-(U9-Pad9)")
  )

  (module Varistor:RV_Disc_D15.5mm_W5mm_P7.5mm (layer B.Cu) (tedit 5A0F68DF) (tstamp 5ED5DCBA)
    (at 124.46 97.79)
    (descr "Varistor, diameter 15.5mm, width 5mm, pitch 7.5mm")
    (tags "varistor SIOV")
    (path /5E98FA8A/5E9A965F)
    (fp_text reference RV1 (at 3.75 -4.6) (layer B.SilkS)
      (effects (font (size 1 1) (thickness 0.15)) (justify mirror))
    )
    (fp_text value Varistor (at 3.75 2.4) (layer B.Fab)
      (effects (font (size 1 1) (thickness 0.15)) (justify mirror))
    )
    (fp_text user %R (at 3.75 -1.1) (layer B.Fab)
      (effects (font (size 1 1) (thickness 0.15)) (justify mirror))
    )
    (fp_line (start -4.25 -3.85) (end 11.75 -3.85) (layer B.CrtYd) (width 0.05))
    (fp_line (start -4.25 1.65) (end 11.75 1.65) (layer B.CrtYd) (width 0.05))
    (fp_line (start 11.75 1.65) (end 11.75 -3.85) (layer B.CrtYd) (width 0.05))
    (fp_line (start -4.25 1.65) (end -4.25 -3.85) (layer B.CrtYd) (width 0.05))
    (fp_line (start -4 -3.6) (end 11.5 -3.6) (layer B.SilkS) (width 0.15))
    (fp_line (start -4 1.4) (end 11.5 1.4) (layer B.SilkS) (width 0.15))
    (fp_line (start 11.5 1.4) (end 11.5 -3.6) (layer B.SilkS) (width 0.15))
    (fp_line (start -4 1.4) (end -4 -3.6) (layer B.SilkS) (width 0.15))
    (fp_line (start -4 -3.6) (end 11.5 -3.6) (layer B.Fab) (width 0.1))
    (fp_line (start -4 1.4) (end 11.5 1.4) (layer B.Fab) (width 0.1))
    (fp_line (start 11.5 1.4) (end 11.5 -3.6) (layer B.Fab) (width 0.1))
    (fp_line (start -4 1.4) (end -4 -3.6) (layer B.Fab) (width 0.1))
    (pad 1 thru_hole circle (at 0 0) (size 1.8 1.8) (drill 0.8) (layers *.Cu *.Mask)
      (net 27 "/Mains and Power Circuitry/C_L3"))
    (pad 2 thru_hole circle (at 7.5 -2.2) (size 1.8 1.8) (drill 0.8) (layers *.Cu *.Mask)
      (net 25 "/Mains and Power Circuitry/N"))
    (model ${KISYS3DMOD}/Varistor.3dshapes/RV_Disc_D15.5mm_W5mm_P7.5mm.wrl
      (at (xyz 0 0 0))
      (scale (xyz 1 1 1))
      (rotate (xyz 0 0 0))
    )
  )

  (module Resistor_SMD:R_0603_1608Metric_Pad1.05x0.95mm_HandSolder (layer F.Cu) (tedit 5B301BBD) (tstamp 5ED5DB31)
    (at 164.846 79.248 180)
    (descr "Resistor SMD 0603 (1608 Metric), square (rectangular) end terminal, IPC_7351 nominal with elongated pad for handsoldering. (Body size source: http://www.tortai-tech.com/upload/download/2011102023233369053.pdf), generated with kicad-footprint-generator")
    (tags "resistor handsolder")
    (path /5E903BF9/5E923E93)
    (attr smd)
    (fp_text reference R13 (at 0 -1.43) (layer F.SilkS)
      (effects (font (size 1 1) (thickness 0.15)))
    )
    (fp_text value 40.2k (at 0 1.43) (layer F.Fab)
      (effects (font (size 1 1) (thickness 0.15)))
    )
    (fp_text user %R (at 0 0) (layer F.Fab)
      (effects (font (size 0.4 0.4) (thickness 0.06)))
    )
    (fp_line (start 1.65 0.73) (end -1.65 0.73) (layer F.CrtYd) (width 0.05))
    (fp_line (start 1.65 -0.73) (end 1.65 0.73) (layer F.CrtYd) (width 0.05))
    (fp_line (start -1.65 -0.73) (end 1.65 -0.73) (layer F.CrtYd) (width 0.05))
    (fp_line (start -1.65 0.73) (end -1.65 -0.73) (layer F.CrtYd) (width 0.05))
    (fp_line (start -0.171267 0.51) (end 0.171267 0.51) (layer F.SilkS) (width 0.12))
    (fp_line (start -0.171267 -0.51) (end 0.171267 -0.51) (layer F.SilkS) (width 0.12))
    (fp_line (start 0.8 0.4) (end -0.8 0.4) (layer F.Fab) (width 0.1))
    (fp_line (start 0.8 -0.4) (end 0.8 0.4) (layer F.Fab) (width 0.1))
    (fp_line (start -0.8 -0.4) (end 0.8 -0.4) (layer F.Fab) (width 0.1))
    (fp_line (start -0.8 0.4) (end -0.8 -0.4) (layer F.Fab) (width 0.1))
    (pad 2 smd roundrect (at 0.875 0 180) (size 1.05 0.95) (layers F.Cu F.Paste F.Mask) (roundrect_rratio 0.25)
      (net 64 "/ATmega4808 and Peripherals/CP"))
    (pad 1 smd roundrect (at -0.875 0 180) (size 1.05 0.95) (layers F.Cu F.Paste F.Mask) (roundrect_rratio 0.25)
      (net 63 "Net-(R13-Pad1)"))
    (model ${KISYS3DMOD}/Resistor_SMD.3dshapes/R_0603_1608Metric.wrl
      (at (xyz 0 0 0))
      (scale (xyz 1 1 1))
      (rotate (xyz 0 0 0))
    )
  )

  (module atmevse-footprints:CUI_TB005-762-10GR (layer B.Cu) (tedit 5ED76E66) (tstamp 5ED8A2F1)
    (at 114.3 128.27 90)
    (path /5E98FA8A/5E9A97C9)
    (fp_text reference J1 (at -7.62 0 180) (layer B.SilkS)
      (effects (font (size 1.4 1.4) (thickness 0.015)) (justify mirror))
    )
    (fp_text value Screw_Terminal_01x10 (at 11.192 -9.261 -90) (layer B.Fab)
      (effects (font (size 1.4 1.4) (thickness 0.015)) (justify mirror))
    )
    (fp_line (start 72.64 4.95) (end 72.64 -8.15) (layer B.CrtYd) (width 0.05))
    (fp_line (start -4.06 -8.15) (end -4.06 4.95) (layer B.CrtYd) (width 0.05))
    (fp_line (start 72.64 -8.15) (end -4.06 -8.15) (layer B.CrtYd) (width 0.05))
    (fp_line (start 72.39 -7.9) (end -3.81 -7.9) (layer B.SilkS) (width 0.127))
    (fp_line (start -3.81 4.7) (end 72.39 4.7) (layer B.SilkS) (width 0.127))
    (fp_line (start 72.39 4.7) (end 72.39 -7.9) (layer B.SilkS) (width 0.127))
    (fp_line (start -3.81 -7.9) (end -3.81 4.7) (layer B.SilkS) (width 0.127))
    (fp_line (start 72.39 -7.9) (end -3.81 -7.9) (layer B.Fab) (width 0.127))
    (fp_line (start 72.39 4.7) (end 72.39 -7.9) (layer B.Fab) (width 0.127))
    (fp_line (start -3.81 4.7) (end 72.39 4.7) (layer B.Fab) (width 0.127))
    (fp_line (start -3.81 -7.9) (end -3.81 4.7) (layer B.Fab) (width 0.127))
    (fp_text user PE (at 0 -5.08 90) (layer F.SilkS)
      (effects (font (size 1 1) (thickness 0.15)))
    )
    (fp_text user NC (at 7.62 -5.08 90) (layer F.SilkS)
      (effects (font (size 1 1) (thickness 0.15)))
    )
    (fp_text user C-L1 (at 15.24 -5.08 90) (layer F.SilkS)
      (effects (font (size 1 1) (thickness 0.15)))
    )
    (fp_text user C-L2 (at 22.86 -5.08 90) (layer F.SilkS)
      (effects (font (size 1 1) (thickness 0.15)))
    )
    (fp_text user C-L3 (at 30.48 -5.08 90) (layer F.SilkS)
      (effects (font (size 1 1) (thickness 0.15)))
    )
    (fp_text user NC (at 38.1 -5.08 90) (layer F.SilkS)
      (effects (font (size 1 1) (thickness 0.15)))
    )
    (fp_text user N (at 45.72 -5.08 90) (layer F.SilkS)
      (effects (font (size 1 1) (thickness 0.15)))
    )
    (fp_text user N (at 53.34 -5.08 90) (layer F.SilkS)
      (effects (font (size 1 1) (thickness 0.15)))
    )
    (fp_text user NC (at 60.96 -5.08 90) (layer F.SilkS)
      (effects (font (size 1 1) (thickness 0.15)))
    )
    (fp_text user L (at 68.58 -5.08 90) (layer F.SilkS)
      (effects (font (size 1 1) (thickness 0.15)))
    )
    (pad 10 thru_hole circle (at 68.58 0 90) (size 2.4 2.4) (drill 1.6) (layers *.Cu *.Mask)
      (net 23 "/Mains and Power Circuitry/L"))
    (pad 9 thru_hole circle (at 60.96 0 90) (size 2.4 2.4) (drill 1.6) (layers *.Cu *.Mask)
      (net 24 "Net-(J1-Pad9)"))
    (pad 8 thru_hole circle (at 53.34 0 90) (size 2.4 2.4) (drill 1.6) (layers *.Cu *.Mask)
      (net 25 "/Mains and Power Circuitry/N"))
    (pad 7 thru_hole circle (at 45.72 0 90) (size 2.4 2.4) (drill 1.6) (layers *.Cu *.Mask)
      (net 25 "/Mains and Power Circuitry/N"))
    (pad 6 thru_hole circle (at 38.1 0 90) (size 2.4 2.4) (drill 1.6) (layers *.Cu *.Mask)
      (net 26 "Net-(J1-Pad6)"))
    (pad 5 thru_hole circle (at 30.48 0 90) (size 2.4 2.4) (drill 1.6) (layers *.Cu *.Mask)
      (net 27 "/Mains and Power Circuitry/C_L3"))
    (pad 4 thru_hole circle (at 22.86 0 90) (size 2.4 2.4) (drill 1.6) (layers *.Cu *.Mask)
      (net 28 "/Mains and Power Circuitry/C_L2"))
    (pad 3 thru_hole circle (at 15.24 0 90) (size 2.4 2.4) (drill 1.6) (layers *.Cu *.Mask)
      (net 29 "/Mains and Power Circuitry/C_L1"))
    (pad 2 thru_hole circle (at 7.62 0 90) (size 2.4 2.4) (drill 1.6) (layers *.Cu *.Mask)
      (net 30 "Net-(J1-Pad2)"))
    (pad 1 thru_hole rect (at 0 0 90) (size 2.4 2.4) (drill 1.6) (layers *.Cu *.Mask)
      (net 2 GND))
  )

  (module Capacitor_SMD:C_0805_2012Metric_Pad1.15x1.40mm_HandSolder (layer F.Cu) (tedit 5B36C52B) (tstamp 5ED5D55E)
    (at 153.672 47.188 270)
    (descr "Capacitor SMD 0805 (2012 Metric), square (rectangular) end terminal, IPC_7351 nominal with elongated pad for handsoldering. (Body size source: https://docs.google.com/spreadsheets/d/1BsfQQcO9C6DZCsRaXUlFlo91Tg2WpOkGARC1WS5S8t0/edit?usp=sharing), generated with kicad-footprint-generator")
    (tags "capacitor handsolder")
    (path /5E98FA8A/5E9A96DD)
    (attr smd)
    (fp_text reference C1 (at 0 1.5 90) (layer F.SilkS)
      (effects (font (size 1 1) (thickness 0.15)))
    )
    (fp_text value 10u16V (at 0 1.65 90) (layer F.Fab)
      (effects (font (size 1 1) (thickness 0.15)))
    )
    (fp_line (start -1 0.6) (end -1 -0.6) (layer F.Fab) (width 0.1))
    (fp_line (start -1 -0.6) (end 1 -0.6) (layer F.Fab) (width 0.1))
    (fp_line (start 1 -0.6) (end 1 0.6) (layer F.Fab) (width 0.1))
    (fp_line (start 1 0.6) (end -1 0.6) (layer F.Fab) (width 0.1))
    (fp_line (start -0.261252 -0.71) (end 0.261252 -0.71) (layer F.SilkS) (width 0.12))
    (fp_line (start -0.261252 0.71) (end 0.261252 0.71) (layer F.SilkS) (width 0.12))
    (fp_line (start -1.85 0.95) (end -1.85 -0.95) (layer F.CrtYd) (width 0.05))
    (fp_line (start -1.85 -0.95) (end 1.85 -0.95) (layer F.CrtYd) (width 0.05))
    (fp_line (start 1.85 -0.95) (end 1.85 0.95) (layer F.CrtYd) (width 0.05))
    (fp_line (start 1.85 0.95) (end -1.85 0.95) (layer F.CrtYd) (width 0.05))
    (fp_text user %R (at 0 0 90) (layer F.Fab)
      (effects (font (size 0.5 0.5) (thickness 0.08)))
    )
    (pad 1 smd roundrect (at -1.025 0 270) (size 1.15 1.4) (layers F.Cu F.Paste F.Mask) (roundrect_rratio 0.217391)
      (net 1 +12V))
    (pad 2 smd roundrect (at 1.025 0 270) (size 1.15 1.4) (layers F.Cu F.Paste F.Mask) (roundrect_rratio 0.217391)
      (net 2 GND))
    (model ${KISYS3DMOD}/Capacitor_SMD.3dshapes/C_0805_2012Metric.wrl
      (at (xyz 0 0 0))
      (scale (xyz 1 1 1))
      (rotate (xyz 0 0 0))
    )
  )

  (module Capacitor_SMD:C_0805_2012Metric_Pad1.15x1.40mm_HandSolder (layer F.Cu) (tedit 5B36C52B) (tstamp 5ED5D56F)
    (at 159.634 63.638 270)
    (descr "Capacitor SMD 0805 (2012 Metric), square (rectangular) end terminal, IPC_7351 nominal with elongated pad for handsoldering. (Body size source: https://docs.google.com/spreadsheets/d/1BsfQQcO9C6DZCsRaXUlFlo91Tg2WpOkGARC1WS5S8t0/edit?usp=sharing), generated with kicad-footprint-generator")
    (tags "capacitor handsolder")
    (path /5E98FA8A/5E9A9787)
    (attr smd)
    (fp_text reference C2 (at 0 1.5 90) (layer F.SilkS)
      (effects (font (size 1 1) (thickness 0.15)))
    )
    (fp_text value 10u16V (at 0 1.65 90) (layer F.Fab)
      (effects (font (size 1 1) (thickness 0.15)))
    )
    (fp_line (start -1 0.6) (end -1 -0.6) (layer F.Fab) (width 0.1))
    (fp_line (start -1 -0.6) (end 1 -0.6) (layer F.Fab) (width 0.1))
    (fp_line (start 1 -0.6) (end 1 0.6) (layer F.Fab) (width 0.1))
    (fp_line (start 1 0.6) (end -1 0.6) (layer F.Fab) (width 0.1))
    (fp_line (start -0.261252 -0.71) (end 0.261252 -0.71) (layer F.SilkS) (width 0.12))
    (fp_line (start -0.261252 0.71) (end 0.261252 0.71) (layer F.SilkS) (width 0.12))
    (fp_line (start -1.85 0.95) (end -1.85 -0.95) (layer F.CrtYd) (width 0.05))
    (fp_line (start -1.85 -0.95) (end 1.85 -0.95) (layer F.CrtYd) (width 0.05))
    (fp_line (start 1.85 -0.95) (end 1.85 0.95) (layer F.CrtYd) (width 0.05))
    (fp_line (start 1.85 0.95) (end -1.85 0.95) (layer F.CrtYd) (width 0.05))
    (fp_text user %R (at 0 0 90) (layer F.Fab)
      (effects (font (size 0.5 0.5) (thickness 0.08)))
    )
    (pad 1 smd roundrect (at -1.025 0 270) (size 1.15 1.4) (layers F.Cu F.Paste F.Mask) (roundrect_rratio 0.217391)
      (net 3 "Net-(C2-Pad1)"))
    (pad 2 smd roundrect (at 1.025 0 270) (size 1.15 1.4) (layers F.Cu F.Paste F.Mask) (roundrect_rratio 0.217391)
      (net 4 "Net-(C2-Pad2)"))
    (model ${KISYS3DMOD}/Capacitor_SMD.3dshapes/C_0805_2012Metric.wrl
      (at (xyz 0 0 0))
      (scale (xyz 1 1 1))
      (rotate (xyz 0 0 0))
    )
  )

  (module Capacitor_SMD:C_0805_2012Metric_Pad1.15x1.40mm_HandSolder (layer F.Cu) (tedit 5B36C52B) (tstamp 5ED5D580)
    (at 150.172 47.188 270)
    (descr "Capacitor SMD 0805 (2012 Metric), square (rectangular) end terminal, IPC_7351 nominal with elongated pad for handsoldering. (Body size source: https://docs.google.com/spreadsheets/d/1BsfQQcO9C6DZCsRaXUlFlo91Tg2WpOkGARC1WS5S8t0/edit?usp=sharing), generated with kicad-footprint-generator")
    (tags "capacitor handsolder")
    (path /5E98FA8A/5E9A96E3)
    (attr smd)
    (fp_text reference C3 (at 0 1.5 90) (layer F.SilkS)
      (effects (font (size 1 1) (thickness 0.15)))
    )
    (fp_text value 10u16V (at 0 1.65 90) (layer F.Fab)
      (effects (font (size 1 1) (thickness 0.15)))
    )
    (fp_text user %R (at 0 0 90) (layer F.Fab)
      (effects (font (size 0.5 0.5) (thickness 0.08)))
    )
    (fp_line (start 1.85 0.95) (end -1.85 0.95) (layer F.CrtYd) (width 0.05))
    (fp_line (start 1.85 -0.95) (end 1.85 0.95) (layer F.CrtYd) (width 0.05))
    (fp_line (start -1.85 -0.95) (end 1.85 -0.95) (layer F.CrtYd) (width 0.05))
    (fp_line (start -1.85 0.95) (end -1.85 -0.95) (layer F.CrtYd) (width 0.05))
    (fp_line (start -0.261252 0.71) (end 0.261252 0.71) (layer F.SilkS) (width 0.12))
    (fp_line (start -0.261252 -0.71) (end 0.261252 -0.71) (layer F.SilkS) (width 0.12))
    (fp_line (start 1 0.6) (end -1 0.6) (layer F.Fab) (width 0.1))
    (fp_line (start 1 -0.6) (end 1 0.6) (layer F.Fab) (width 0.1))
    (fp_line (start -1 -0.6) (end 1 -0.6) (layer F.Fab) (width 0.1))
    (fp_line (start -1 0.6) (end -1 -0.6) (layer F.Fab) (width 0.1))
    (pad 2 smd roundrect (at 1.025 0 270) (size 1.15 1.4) (layers F.Cu F.Paste F.Mask) (roundrect_rratio 0.217391)
      (net 2 GND))
    (pad 1 smd roundrect (at -1.025 0 270) (size 1.15 1.4) (layers F.Cu F.Paste F.Mask) (roundrect_rratio 0.217391)
      (net 1 +12V))
    (model ${KISYS3DMOD}/Capacitor_SMD.3dshapes/C_0805_2012Metric.wrl
      (at (xyz 0 0 0))
      (scale (xyz 1 1 1))
      (rotate (xyz 0 0 0))
    )
  )

  (module Capacitor_SMD:C_0805_2012Metric_Pad1.15x1.40mm_HandSolder (layer F.Cu) (tedit 5B36C52B) (tstamp 5ED5D591)
    (at 159.634 59.138 90)
    (descr "Capacitor SMD 0805 (2012 Metric), square (rectangular) end terminal, IPC_7351 nominal with elongated pad for handsoldering. (Body size source: https://docs.google.com/spreadsheets/d/1BsfQQcO9C6DZCsRaXUlFlo91Tg2WpOkGARC1WS5S8t0/edit?usp=sharing), generated with kicad-footprint-generator")
    (tags "capacitor handsolder")
    (path /5E98FA8A/5E9A9781)
    (attr smd)
    (fp_text reference C4 (at 0 -1.5 90) (layer F.SilkS)
      (effects (font (size 1 1) (thickness 0.15)))
    )
    (fp_text value 100n (at 0 1.65 90) (layer F.Fab)
      (effects (font (size 1 1) (thickness 0.15)))
    )
    (fp_text user %R (at 0 0 90) (layer F.Fab)
      (effects (font (size 0.5 0.5) (thickness 0.08)))
    )
    (fp_line (start 1.85 0.95) (end -1.85 0.95) (layer F.CrtYd) (width 0.05))
    (fp_line (start 1.85 -0.95) (end 1.85 0.95) (layer F.CrtYd) (width 0.05))
    (fp_line (start -1.85 -0.95) (end 1.85 -0.95) (layer F.CrtYd) (width 0.05))
    (fp_line (start -1.85 0.95) (end -1.85 -0.95) (layer F.CrtYd) (width 0.05))
    (fp_line (start -0.261252 0.71) (end 0.261252 0.71) (layer F.SilkS) (width 0.12))
    (fp_line (start -0.261252 -0.71) (end 0.261252 -0.71) (layer F.SilkS) (width 0.12))
    (fp_line (start 1 0.6) (end -1 0.6) (layer F.Fab) (width 0.1))
    (fp_line (start 1 -0.6) (end 1 0.6) (layer F.Fab) (width 0.1))
    (fp_line (start -1 -0.6) (end 1 -0.6) (layer F.Fab) (width 0.1))
    (fp_line (start -1 0.6) (end -1 -0.6) (layer F.Fab) (width 0.1))
    (pad 2 smd roundrect (at 1.025 0 90) (size 1.15 1.4) (layers F.Cu F.Paste F.Mask) (roundrect_rratio 0.217391)
      (net 2 GND))
    (pad 1 smd roundrect (at -1.025 0 90) (size 1.15 1.4) (layers F.Cu F.Paste F.Mask) (roundrect_rratio 0.217391)
      (net 1 +12V))
    (model ${KISYS3DMOD}/Capacitor_SMD.3dshapes/C_0805_2012Metric.wrl
      (at (xyz 0 0 0))
      (scale (xyz 1 1 1))
      (rotate (xyz 0 0 0))
    )
  )

  (module Capacitor_SMD:C_0805_2012Metric_Pad1.15x1.40mm_HandSolder (layer F.Cu) (tedit 5B36C52B) (tstamp 5ED5D5A2)
    (at 150.172 52.188 90)
    (descr "Capacitor SMD 0805 (2012 Metric), square (rectangular) end terminal, IPC_7351 nominal with elongated pad for handsoldering. (Body size source: https://docs.google.com/spreadsheets/d/1BsfQQcO9C6DZCsRaXUlFlo91Tg2WpOkGARC1WS5S8t0/edit?usp=sharing), generated with kicad-footprint-generator")
    (tags "capacitor handsolder")
    (path /5E98FA8A/5E9A96E9)
    (attr smd)
    (fp_text reference C5 (at 0 -1.5 90) (layer F.SilkS)
      (effects (font (size 1 1) (thickness 0.15)))
    )
    (fp_text value 10u16V (at 0 1.65 90) (layer F.Fab)
      (effects (font (size 1 1) (thickness 0.15)))
    )
    (fp_line (start -1 0.6) (end -1 -0.6) (layer F.Fab) (width 0.1))
    (fp_line (start -1 -0.6) (end 1 -0.6) (layer F.Fab) (width 0.1))
    (fp_line (start 1 -0.6) (end 1 0.6) (layer F.Fab) (width 0.1))
    (fp_line (start 1 0.6) (end -1 0.6) (layer F.Fab) (width 0.1))
    (fp_line (start -0.261252 -0.71) (end 0.261252 -0.71) (layer F.SilkS) (width 0.12))
    (fp_line (start -0.261252 0.71) (end 0.261252 0.71) (layer F.SilkS) (width 0.12))
    (fp_line (start -1.85 0.95) (end -1.85 -0.95) (layer F.CrtYd) (width 0.05))
    (fp_line (start -1.85 -0.95) (end 1.85 -0.95) (layer F.CrtYd) (width 0.05))
    (fp_line (start 1.85 -0.95) (end 1.85 0.95) (layer F.CrtYd) (width 0.05))
    (fp_line (start 1.85 0.95) (end -1.85 0.95) (layer F.CrtYd) (width 0.05))
    (fp_text user %R (at 0 0 90) (layer F.Fab)
      (effects (font (size 0.5 0.5) (thickness 0.08)))
    )
    (pad 1 smd roundrect (at -1.025 0 90) (size 1.15 1.4) (layers F.Cu F.Paste F.Mask) (roundrect_rratio 0.217391)
      (net 1 +12V))
    (pad 2 smd roundrect (at 1.025 0 90) (size 1.15 1.4) (layers F.Cu F.Paste F.Mask) (roundrect_rratio 0.217391)
      (net 2 GND))
    (model ${KISYS3DMOD}/Capacitor_SMD.3dshapes/C_0805_2012Metric.wrl
      (at (xyz 0 0 0))
      (scale (xyz 1 1 1))
      (rotate (xyz 0 0 0))
    )
  )

  (module Capacitor_SMD:C_0805_2012Metric_Pad1.15x1.40mm_HandSolder (layer F.Cu) (tedit 5B36C52B) (tstamp 5ED5D5B3)
    (at 153.672 52.188 90)
    (descr "Capacitor SMD 0805 (2012 Metric), square (rectangular) end terminal, IPC_7351 nominal with elongated pad for handsoldering. (Body size source: https://docs.google.com/spreadsheets/d/1BsfQQcO9C6DZCsRaXUlFlo91Tg2WpOkGARC1WS5S8t0/edit?usp=sharing), generated with kicad-footprint-generator")
    (tags "capacitor handsolder")
    (path /5E98FA8A/5E9A96EF)
    (attr smd)
    (fp_text reference C6 (at 0 -1.5 90) (layer F.SilkS)
      (effects (font (size 1 1) (thickness 0.15)))
    )
    (fp_text value 10u16V (at 0 1.65 90) (layer F.Fab)
      (effects (font (size 1 1) (thickness 0.15)))
    )
    (fp_text user %R (at 0 0 90) (layer F.Fab)
      (effects (font (size 0.5 0.5) (thickness 0.08)))
    )
    (fp_line (start 1.85 0.95) (end -1.85 0.95) (layer F.CrtYd) (width 0.05))
    (fp_line (start 1.85 -0.95) (end 1.85 0.95) (layer F.CrtYd) (width 0.05))
    (fp_line (start -1.85 -0.95) (end 1.85 -0.95) (layer F.CrtYd) (width 0.05))
    (fp_line (start -1.85 0.95) (end -1.85 -0.95) (layer F.CrtYd) (width 0.05))
    (fp_line (start -0.261252 0.71) (end 0.261252 0.71) (layer F.SilkS) (width 0.12))
    (fp_line (start -0.261252 -0.71) (end 0.261252 -0.71) (layer F.SilkS) (width 0.12))
    (fp_line (start 1 0.6) (end -1 0.6) (layer F.Fab) (width 0.1))
    (fp_line (start 1 -0.6) (end 1 0.6) (layer F.Fab) (width 0.1))
    (fp_line (start -1 -0.6) (end 1 -0.6) (layer F.Fab) (width 0.1))
    (fp_line (start -1 0.6) (end -1 -0.6) (layer F.Fab) (width 0.1))
    (pad 2 smd roundrect (at 1.025 0 90) (size 1.15 1.4) (layers F.Cu F.Paste F.Mask) (roundrect_rratio 0.217391)
      (net 2 GND))
    (pad 1 smd roundrect (at -1.025 0 90) (size 1.15 1.4) (layers F.Cu F.Paste F.Mask) (roundrect_rratio 0.217391)
      (net 1 +12V))
    (model ${KISYS3DMOD}/Capacitor_SMD.3dshapes/C_0805_2012Metric.wrl
      (at (xyz 0 0 0))
      (scale (xyz 1 1 1))
      (rotate (xyz 0 0 0))
    )
  )

  (module Capacitor_SMD:C_0805_2012Metric_Pad1.15x1.40mm_HandSolder (layer F.Cu) (tedit 5B36C52B) (tstamp 5ED5D5C4)
    (at 152.172 56.688)
    (descr "Capacitor SMD 0805 (2012 Metric), square (rectangular) end terminal, IPC_7351 nominal with elongated pad for handsoldering. (Body size source: https://docs.google.com/spreadsheets/d/1BsfQQcO9C6DZCsRaXUlFlo91Tg2WpOkGARC1WS5S8t0/edit?usp=sharing), generated with kicad-footprint-generator")
    (tags "capacitor handsolder")
    (path /5E98FA8A/5E9A96F5)
    (attr smd)
    (fp_text reference C7 (at 0 -1.65) (layer F.SilkS)
      (effects (font (size 1 1) (thickness 0.15)))
    )
    (fp_text value 100n (at 0 1.65) (layer F.Fab)
      (effects (font (size 1 1) (thickness 0.15)))
    )
    (fp_line (start -1 0.6) (end -1 -0.6) (layer F.Fab) (width 0.1))
    (fp_line (start -1 -0.6) (end 1 -0.6) (layer F.Fab) (width 0.1))
    (fp_line (start 1 -0.6) (end 1 0.6) (layer F.Fab) (width 0.1))
    (fp_line (start 1 0.6) (end -1 0.6) (layer F.Fab) (width 0.1))
    (fp_line (start -0.261252 -0.71) (end 0.261252 -0.71) (layer F.SilkS) (width 0.12))
    (fp_line (start -0.261252 0.71) (end 0.261252 0.71) (layer F.SilkS) (width 0.12))
    (fp_line (start -1.85 0.95) (end -1.85 -0.95) (layer F.CrtYd) (width 0.05))
    (fp_line (start -1.85 -0.95) (end 1.85 -0.95) (layer F.CrtYd) (width 0.05))
    (fp_line (start 1.85 -0.95) (end 1.85 0.95) (layer F.CrtYd) (width 0.05))
    (fp_line (start 1.85 0.95) (end -1.85 0.95) (layer F.CrtYd) (width 0.05))
    (fp_text user %R (at 0 0) (layer F.Fab)
      (effects (font (size 0.5 0.5) (thickness 0.08)))
    )
    (pad 1 smd roundrect (at -1.025 0) (size 1.15 1.4) (layers F.Cu F.Paste F.Mask) (roundrect_rratio 0.217391)
      (net 1 +12V))
    (pad 2 smd roundrect (at 1.025 0) (size 1.15 1.4) (layers F.Cu F.Paste F.Mask) (roundrect_rratio 0.217391)
      (net 2 GND))
    (model ${KISYS3DMOD}/Capacitor_SMD.3dshapes/C_0805_2012Metric.wrl
      (at (xyz 0 0 0))
      (scale (xyz 1 1 1))
      (rotate (xyz 0 0 0))
    )
  )

  (module Capacitor_SMD:C_0805_2012Metric_Pad1.15x1.40mm_HandSolder (layer F.Cu) (tedit 5B36C52B) (tstamp 5ED5D5D5)
    (at 164.592 66.294 180)
    (descr "Capacitor SMD 0805 (2012 Metric), square (rectangular) end terminal, IPC_7351 nominal with elongated pad for handsoldering. (Body size source: https://docs.google.com/spreadsheets/d/1BsfQQcO9C6DZCsRaXUlFlo91Tg2WpOkGARC1WS5S8t0/edit?usp=sharing), generated with kicad-footprint-generator")
    (tags "capacitor handsolder")
    (path /5E98FA8A/5E9A9790)
    (attr smd)
    (fp_text reference C8 (at 0 -1.65) (layer F.SilkS)
      (effects (font (size 1 1) (thickness 0.15)))
    )
    (fp_text value 10u16V (at 0 1.65) (layer F.Fab)
      (effects (font (size 1 1) (thickness 0.15)))
    )
    (fp_text user %R (at 0 0) (layer F.Fab)
      (effects (font (size 0.5 0.5) (thickness 0.08)))
    )
    (fp_line (start 1.85 0.95) (end -1.85 0.95) (layer F.CrtYd) (width 0.05))
    (fp_line (start 1.85 -0.95) (end 1.85 0.95) (layer F.CrtYd) (width 0.05))
    (fp_line (start -1.85 -0.95) (end 1.85 -0.95) (layer F.CrtYd) (width 0.05))
    (fp_line (start -1.85 0.95) (end -1.85 -0.95) (layer F.CrtYd) (width 0.05))
    (fp_line (start -0.261252 0.71) (end 0.261252 0.71) (layer F.SilkS) (width 0.12))
    (fp_line (start -0.261252 -0.71) (end 0.261252 -0.71) (layer F.SilkS) (width 0.12))
    (fp_line (start 1 0.6) (end -1 0.6) (layer F.Fab) (width 0.1))
    (fp_line (start 1 -0.6) (end 1 0.6) (layer F.Fab) (width 0.1))
    (fp_line (start -1 -0.6) (end 1 -0.6) (layer F.Fab) (width 0.1))
    (fp_line (start -1 0.6) (end -1 -0.6) (layer F.Fab) (width 0.1))
    (pad 2 smd roundrect (at 1.025 0 180) (size 1.15 1.4) (layers F.Cu F.Paste F.Mask) (roundrect_rratio 0.217391)
      (net 2 GND))
    (pad 1 smd roundrect (at -1.025 0 180) (size 1.15 1.4) (layers F.Cu F.Paste F.Mask) (roundrect_rratio 0.217391)
      (net 5 -12V))
    (model ${KISYS3DMOD}/Capacitor_SMD.3dshapes/C_0805_2012Metric.wrl
      (at (xyz 0 0 0))
      (scale (xyz 1 1 1))
      (rotate (xyz 0 0 0))
    )
  )

  (module Capacitor_SMD:C_0805_2012Metric_Pad1.15x1.40mm_HandSolder (layer F.Cu) (tedit 5B36C52B) (tstamp 5ED5D5E6)
    (at 152.172 62.688)
    (descr "Capacitor SMD 0805 (2012 Metric), square (rectangular) end terminal, IPC_7351 nominal with elongated pad for handsoldering. (Body size source: https://docs.google.com/spreadsheets/d/1BsfQQcO9C6DZCsRaXUlFlo91Tg2WpOkGARC1WS5S8t0/edit?usp=sharing), generated with kicad-footprint-generator")
    (tags "capacitor handsolder")
    (path /5E98FA8A/5E9A9718)
    (attr smd)
    (fp_text reference C9 (at 0 2) (layer F.SilkS)
      (effects (font (size 1 1) (thickness 0.15)))
    )
    (fp_text value 100n (at 0 1.65) (layer F.Fab)
      (effects (font (size 1 1) (thickness 0.15)))
    )
    (fp_text user %R (at 0 0) (layer F.Fab)
      (effects (font (size 0.5 0.5) (thickness 0.08)))
    )
    (fp_line (start 1.85 0.95) (end -1.85 0.95) (layer F.CrtYd) (width 0.05))
    (fp_line (start 1.85 -0.95) (end 1.85 0.95) (layer F.CrtYd) (width 0.05))
    (fp_line (start -1.85 -0.95) (end 1.85 -0.95) (layer F.CrtYd) (width 0.05))
    (fp_line (start -1.85 0.95) (end -1.85 -0.95) (layer F.CrtYd) (width 0.05))
    (fp_line (start -0.261252 0.71) (end 0.261252 0.71) (layer F.SilkS) (width 0.12))
    (fp_line (start -0.261252 -0.71) (end 0.261252 -0.71) (layer F.SilkS) (width 0.12))
    (fp_line (start 1 0.6) (end -1 0.6) (layer F.Fab) (width 0.1))
    (fp_line (start 1 -0.6) (end 1 0.6) (layer F.Fab) (width 0.1))
    (fp_line (start -1 -0.6) (end 1 -0.6) (layer F.Fab) (width 0.1))
    (fp_line (start -1 0.6) (end -1 -0.6) (layer F.Fab) (width 0.1))
    (pad 2 smd roundrect (at 1.025 0) (size 1.15 1.4) (layers F.Cu F.Paste F.Mask) (roundrect_rratio 0.217391)
      (net 6 "Net-(C9-Pad2)"))
    (pad 1 smd roundrect (at -1.025 0) (size 1.15 1.4) (layers F.Cu F.Paste F.Mask) (roundrect_rratio 0.217391)
      (net 7 "Net-(C9-Pad1)"))
    (model ${KISYS3DMOD}/Capacitor_SMD.3dshapes/C_0805_2012Metric.wrl
      (at (xyz 0 0 0))
      (scale (xyz 1 1 1))
      (rotate (xyz 0 0 0))
    )
  )

  (module Capacitor_SMD:C_0805_2012Metric_Pad1.15x1.40mm_HandSolder (layer F.Cu) (tedit 5B36C52B) (tstamp 5ED5D5F7)
    (at 155.172 74.188 90)
    (descr "Capacitor SMD 0805 (2012 Metric), square (rectangular) end terminal, IPC_7351 nominal with elongated pad for handsoldering. (Body size source: https://docs.google.com/spreadsheets/d/1BsfQQcO9C6DZCsRaXUlFlo91Tg2WpOkGARC1WS5S8t0/edit?usp=sharing), generated with kicad-footprint-generator")
    (tags "capacitor handsolder")
    (path /5E98FA8A/5E9A974E)
    (attr smd)
    (fp_text reference C10 (at 0 -1.65 90) (layer F.SilkS)
      (effects (font (size 1 1) (thickness 0.15)))
    )
    (fp_text value 10u16V (at 0 1.65 90) (layer F.Fab)
      (effects (font (size 1 1) (thickness 0.15)))
    )
    (fp_line (start -1 0.6) (end -1 -0.6) (layer F.Fab) (width 0.1))
    (fp_line (start -1 -0.6) (end 1 -0.6) (layer F.Fab) (width 0.1))
    (fp_line (start 1 -0.6) (end 1 0.6) (layer F.Fab) (width 0.1))
    (fp_line (start 1 0.6) (end -1 0.6) (layer F.Fab) (width 0.1))
    (fp_line (start -0.261252 -0.71) (end 0.261252 -0.71) (layer F.SilkS) (width 0.12))
    (fp_line (start -0.261252 0.71) (end 0.261252 0.71) (layer F.SilkS) (width 0.12))
    (fp_line (start -1.85 0.95) (end -1.85 -0.95) (layer F.CrtYd) (width 0.05))
    (fp_line (start -1.85 -0.95) (end 1.85 -0.95) (layer F.CrtYd) (width 0.05))
    (fp_line (start 1.85 -0.95) (end 1.85 0.95) (layer F.CrtYd) (width 0.05))
    (fp_line (start 1.85 0.95) (end -1.85 0.95) (layer F.CrtYd) (width 0.05))
    (fp_text user %R (at 0 0 90) (layer F.Fab)
      (effects (font (size 0.5 0.5) (thickness 0.08)))
    )
    (pad 1 smd roundrect (at -1.025 0 90) (size 1.15 1.4) (layers F.Cu F.Paste F.Mask) (roundrect_rratio 0.217391)
      (net 8 +3V3))
    (pad 2 smd roundrect (at 1.025 0 90) (size 1.15 1.4) (layers F.Cu F.Paste F.Mask) (roundrect_rratio 0.217391)
      (net 2 GND))
    (model ${KISYS3DMOD}/Capacitor_SMD.3dshapes/C_0805_2012Metric.wrl
      (at (xyz 0 0 0))
      (scale (xyz 1 1 1))
      (rotate (xyz 0 0 0))
    )
  )

  (module Capacitor_SMD:C_0805_2012Metric_Pad1.15x1.40mm_HandSolder (layer F.Cu) (tedit 5B36C52B) (tstamp 5ED5D608)
    (at 151.672 74.188 90)
    (descr "Capacitor SMD 0805 (2012 Metric), square (rectangular) end terminal, IPC_7351 nominal with elongated pad for handsoldering. (Body size source: https://docs.google.com/spreadsheets/d/1BsfQQcO9C6DZCsRaXUlFlo91Tg2WpOkGARC1WS5S8t0/edit?usp=sharing), generated with kicad-footprint-generator")
    (tags "capacitor handsolder")
    (path /5E98FA8A/5E9A9754)
    (attr smd)
    (fp_text reference C11 (at 0 -1.65 90) (layer F.SilkS)
      (effects (font (size 1 1) (thickness 0.15)))
    )
    (fp_text value 10u16V (at 0 1.65 90) (layer F.Fab)
